1896	1
1897	1
1898	8
1899	8
1900	6
1901	7
1902	4
1903	3
1904	2
1905	18
1906	23
1907	14
1908	23
1909	96
1910	110
1911	169
1912	353
1913	683
1914	1160
1915	1641
1916	2096
1917	2181
1918	2241
1919	2438
1920	2649
1921	2590
1922	2179
1923	1907
1924	1923
1925	2056
1926	2039
1927	2155
1928	2132
1929	2022
1930	1979
1931	2050
1932	2079
1933	1998
1934	1920
1935	1948
1936	2227
1937	2120
1938	1981
1939	1872
1940	1760
1941	1529
1942	1467
1943	1333
1944	1168
1945	1118
1946	1310
1947	1502
1948	1628
1949	1778
1950	1908
1951	1873
1952	1996
1953	2054
1954	2087
1955	2153
1956	2337
1957	2436
1958	2503
1959	2530
1960	2650
1961	2702
1962	2689
1963	2625
1964	2845
1965	3164
1966	3188
1967	3247
1968	3677
1969	3777
1970	4050
1971	4045
1972	3934
1973	3847
1974	3736
1975	3947
1976	3853
1977	3802
1978	3919
1979	4067
1980	4008
1981	4008
1982	3990
1983	4145
1984	4319
1985	4387
1986	4295
1987	4328
1988	4478
1989	4491
1990	4741
1991	4330
1992	4278
1993	4145
1994	4069
1995	4240
1996	4254
1997	4508
1998	4644
1999	4810
2000	5000
2001	5337
2002	5594
2003	5764
2004	6347
2005	7277
2006	7731
2007	8420
2008	9858
2009	11295
2010	12112
2011	13043
2012	14000
2013	14688
2014	15786
2015	16304
2016	17467
2017	17794
2018	17595
2019	16872
2020	14349
2021	7072
2022	1064
2023	129
2024	23
2025	4
2026	3
2027	4
2028	2
null	70474
